1389 529 1006 4333 2568 3554 4434 4438 3934 882 2365 2381 3083 4764 3549 3831 3991 4224 175 321 
691 76 931 2670 1556 1331 4322 4266 1797 2430 2272 1906 3516 1689 470 1973 87 423 2432 3280 
3170 3154 2542 2982 4357 4010 2382 2519 4379 3911 3554 2170 1614 1850 281 4750 3008 2448 1925 1253 
4275 3879 2857 2250 3059 2842 1083 2828 3876 7 618 4910 864 2635 319 2762 249 2794 1090 4599 
4225 2596 2439 3603 4540 4041 1590 4477 1106 2073 508 185 3934 3925 520 313 2353 2102 4178 4600 
2576 4108 3676 2508 760 4827 361 3896 1164 1919 169 1626 1908 854 590 3432 1008 4433 2758 1017 
4778 3814 1937 4568 3184 3953 1323 1883 4352 1561 2734 944 493 4628 271 3183 3250 4400 900 945 
4893 1343 3219 1732 2982 989 3647 1829 960 3306 2278 1002 4488 2120 4427 2743 2131 716 1271 2424 
1169 4366 3480 3539 587 4752 2418 4361 250 3523 4015 3413 3096 3844 1115 4978 4660 3857 1219 1625 
694 3803 2950 3184 4404 2489 3226 2594 4913 956 4329 1151 978 4861 4833 4058 3510 3240 470 4756 
1332 1961 397 604 1663 679 3918 1745 3346 1050 2292 60 2280 4116 937 1371 2297 290 3731 2854 
3460 2619 3860 4847 1749 170 145 2973 2302 2372 1626 4880 1917 3316 4392 4643 64 3536 4809 4871 
3468 1649 3942 3038 2088 4069 4044 335 3215 4219 4067 3462 1734 881 513 1537 636 424 4769 3736 
4405 547 158 3460 1169 3430 869 3359 1779 105 4730 1729 1398 1876 4627 1248 2133 2269 2350 4804 
3131 3144 647 800 1607 2756 3225 3997 419 3096 4973 913 1251 3761 693 400 2779 71 1122 2575 
1541 4076 4204 2551 3116 4739 4374 137 4962 3677 644 4811 2510 1450 1686 3423 3753 1539 1291 394 
1915 4392 2233 4028 313 2358 3593 3924 3442 1112 4096 2415 617 302 1316 4750 4377 3851 1341 3151 
2653 3181 41 97 4020 3353 1017 2511 2862 4851 785 2753 4126 4782 2464 1947 459 1079 218 3023 
4854 1943 1425 2123 1925 2530 4699 4291 515 297 4799 1375 1857 4837 190 47 3333 4053 3105 4721 
4843 483 1706 1226 2023 149 4337 946 806 4960 3533 1174 2357 4258 2442 4229 626 4012 328 4382 
1959 3801 1210 1272 538 3947 474 3445 692 3101 2560 2988 2638 2519 4247 3637 4327 2607 1472 4373 
1393 4478 3685 4747 1778 3972 1498 3099 822 1640 4868 3398 1006 3491 3911 4322 1568 4243 1079 1579 
872 106 4563 504 279 1185 1117 239 1304 3586 1755 4724 1648 3607 93 1825 840 2966 3162 1121 
4823 662 814 1056 3848 3768 2589 4299 4851 4940 2174 3944 1853 787 234 2634 3634 3082 1177 753 
128 4852 953 1264 687 4981 3458 2777 3087 1010 4241 2927 3675 3903 4138 3736 4543 528 2855 4592 
197 4477 967 2207 2628 692 4622 2715 4485 3400 242 86 3751 4180 44 2016 4870 839 3350 3357 
4676 3602 3679 2935 2472 4994 1331 2773 2313 315 806 1404 4224 38 2252 4713 4405 1055 4279 2045 
3975 4499 669 1544 3055 4299 3547 2811 4133 2923 3909 3813 3639 2883 2413 933 1745 3255 2646 3400 
4968 2727 2501 3040 1026 2303 4782 1280 4632 2768 1701 2135 1753 1984 2941 187 3830 1297 1165 3343 
3601 2849 2868 1650 3528 1641 1019 3476 3564 722 1286 1177 787 4505 3621 947 2542 47 4572 1542 
4027 245 4206 3121 1617 3946 4741 119 4170 790 4291 534 4042 3882 4587 358 3081 4936 2017 587 
2238 527 2096 3952 3602 540 1924 3275 1334 3866 446 3969 364 2505 3205 3062 1118 3761 749 3682 
4790 3030 3408 1703 1636 3991 4231 785 2780 1416 1996 2689 4588 498 121 2308 3644 2091 4815 554 
1928 460 4925 4569 4683 4126 4784 4941 2772 3871 778 282 2198 116 2349 1631 2757 2823 3367 753 
151 96 671 384 2408 1440 2720 2994 771 555 267 2663 1598 2226 2433 4362 1328 914 279 4698 
1257 3426 3897 3625 2370 1027 1891 373 4421 1491 4820 4927 1328 1551 1037 2170 232 2872 4123 3517 
1974 4481 1291 479 982 4184 553 1446 4117 1477 1692 1962 1701 4604 2179 931 2198 2021 1842 4497 
964 1626 985 143 1662 4869 2883 402 3562 490 751 1235 3973 1430 2472 3618 2546 2106 957 2701 
4492 600 3964 2212 152 4596 1465 448 2170 1844 2389 1683 66 1669 3806 1014 3475 2098 865 901 
1552 3778 3388 29 1128 3175 4019 851 4064 3675 622 1843 4892 2571 4410 3354 898 3779 1802 2999 
602 3086 482 4537 4799 1587 4510 1053 170 38 2665 4146 4689 2563 1068 2698 2400 1459 3029 3395 
3309 2456 1197 2839 2895 4562 1699 1826 428 1407 3881 647 2986 1607 329 593 267 503 1614 1347 
994 4318 2903 1347 2131 3043 4508 4916 339 1258 3296 3016 3842 187 156 3830 197 4474 4886 2200 
3652 4786 418 3153 3471 1610 2145 1333 4789 4775 1863 22 4941 3156 414 134 3563 376 4671 2776 
1634 4148 3571 2763 625 530 3210 4705 3458 2310 4429 3166 3451 2149 2568 261 3561 4972 1875 3821 
3895 4829 4531 1864 3577 810 482 2467 2421 2403 970 262 3150 1848 468 3881 1983 817 389 608 
1966 4836 2100 926 3570 3662 2809 4954 2703 4059 2157 3535 2527 2947 1110 3253 1173 335 2487 744 
530 2716 1872 2721 845 4984 558 3932 4832 4317 132 3107 156 1394 3248 1168 281 1959 2701 458 
808 2997 3711 507 3263 2518 1104 3765 3620 1136 1119 4433 3618 842 4305 4358 1696 862 4373 2871 
1564 768 2911 287 943 4301 1257 446 764 1683 1321 3309 3296 357 3994 666 819 595 2119 224 
